51,4
53,1
53,3
50,1
50,3
10,107
10,105
10,183
10,237
10,27
10,181
11,18
11,21
11,30
11,11
11,10
11,27
8,11
8,8
8,12
8,7
66,5
66,4
66,3
66,2
66,1
66,0
64,6
64,5
64,4
64,3
64,2
64,1
64,0
61,6
61,5
61,4
61,3
61,2
61,1
61,0
58,6
58,3
58,1
55,4
55,3
55,1
54,3
54,1
51,3
51,1
20,3
20,2
20,1
19,3
19,2
19,1
12,3
12,2
12,1
11,25
11,24
11,20
11,16
11,14
11,7
11,4
11,3
11,2
11,1
10,315
10,265
10,201
10,169
18,1
10,131
18,3
10,103
10,79
10,25
10,3
10,2
14,1
10,1
9,7
14,3
9,5
9,3
13,1
9,2
13,3
9,1
8,18
8,17
8,16
